0.00 0.00790 0.00000 
0.01 0.00790 0.00077 
0.02 0.00790 0.00153 
0.03 0.00790 0.00230 
0.04 0.00790 0.00306 
0.05 0.00790 0.00383 
0.06 0.00790 0.00459 
0.07 0.00790 0.00536 
0.08 0.00790 0.00612 
0.09 0.00790 0.00689 
0.10 0.00790 0.00765 
0.11 0.00791 0.00842 
0.12 0.00791 0.00918 
0.13 0.00791 0.00995 
0.14 0.00791 0.01071 
0.15 0.00791 0.01148 
0.16 0.00791 0.01224 
0.17 0.00791 0.01301 
0.18 0.00791 0.01377 
0.19 0.00792 0.01454 
0.20 0.00792 0.01530 
0.21 0.00792 0.01607 
0.22 0.00792 0.01683 
0.23 0.00792 0.01760 
0.24 0.00793 0.01836 
0.25 0.00793 0.01913 
0.26 0.00793 0.01989 
0.27 0.00793 0.02066 
0.28 0.00793 0.02142 
0.29 0.00794 0.02219 
0.30 0.00794 0.02296 
0.31 0.00794 0.02372 
0.32 0.00795 0.02449 
0.33 0.00795 0.02525 
0.34 0.00795 0.02602 
0.35 0.00795 0.02678 
0.36 0.00796 0.02755 
0.37 0.00796 0.02831 
0.38 0.00796 0.02908 
0.39 0.00797 0.02984 
0.40 0.00797 0.03061 
0.41 0.00797 0.03137 
0.42 0.00798 0.03214 
0.43 0.00798 0.03290 
0.44 0.00799 0.03367 
0.45 0.00799 0.03443 
0.46 0.00799 0.03520 
0.47 0.00800 0.03596 
0.48 0.00800 0.03673 
0.49 0.00801 0.03749 
0.50 0.00801 0.03826 
0.51 0.00802 0.03902 
0.52 0.00802 0.03979 
0.53 0.00802 0.04055 
0.54 0.00803 0.04132 
0.55 0.00803 0.04208 
0.56 0.00804 0.04285 
0.57 0.00804 0.04361 
0.58 0.00805 0.04438 
0.59 0.00805 0.04514 
0.60 0.00806 0.04591 
0.61 0.00806 0.04667 
0.62 0.00807 0.04744 
0.63 0.00808 0.04820 
0.64 0.00808 0.04897 
0.65 0.00809 0.04974 
0.66 0.00809 0.05050 
0.67 0.00810 0.05127 
0.68 0.00810 0.05203 
0.69 0.00811 0.05280 
0.70 0.00812 0.05356 
0.71 0.00812 0.05433 
0.72 0.00813 0.05509 
0.73 0.00814 0.05586 
0.74 0.00814 0.05662 
0.75 0.00815 0.05739 
0.76 0.00816 0.05815 
0.77 0.00816 0.05892 
0.78 0.00817 0.05968 
0.79 0.00818 0.06045 
0.80 0.00818 0.06121 
0.81 0.00819 0.06198 
0.82 0.00820 0.06274 
0.83 0.00821 0.06351 
0.84 0.00821 0.06427 
0.85 0.00822 0.06504 
0.86 0.00823 0.06580 
0.87 0.00824 0.06657 
0.88 0.00824 0.06733 
0.89 0.00825 0.06810 
0.90 0.00826 0.06886 
0.91 0.00827 0.06963 
0.92 0.00828 0.07039 
0.93 0.00828 0.07116 
0.94 0.00829 0.07192 
0.95 0.00830 0.07269 
0.96 0.00831 0.07345 
0.97 0.00832 0.07422 
0.98 0.00833 0.07498 
0.99 0.00833 0.07575 
1.00 0.00834 0.07651 
1.01 0.00835 0.07728 
1.02 0.00836 0.07804 
1.03 0.00837 0.07881 
1.04 0.00838 0.07957 
1.05 0.00839 0.08034 
1.06 0.00840 0.08110 
1.07 0.00841 0.08187 
1.08 0.00842 0.08263 
1.09 0.00843 0.08340 
1.10 0.00844 0.08416 
1.11 0.00845 0.08493 
1.12 0.00846 0.08569 
1.13 0.00847 0.08646 
1.14 0.00848 0.08722 
1.15 0.00849 0.08799 
1.16 0.00850 0.08875 
1.17 0.00851 0.08952 
1.18 0.00852 0.09028 
1.19 0.00853 0.09105 
1.20 0.00854 0.09181 
1.21 0.00855 0.09258 
1.22 0.00856 0.09334 
1.23 0.00857 0.09411 
1.24 0.00858 0.09487 
1.25 0.00859 0.09564 
1.26 0.00860 0.09640 
1.27 0.00861 0.09717 
1.28 0.00863 0.09793 
1.29 0.00864 0.09870 
1.30 0.00865 0.09946 
1.31 0.00866 0.10023 
1.32 0.00867 0.10099 
1.33 0.00868 0.10176 
1.34 0.00870 0.10252 
1.35 0.00871 0.10329 
1.36 0.00872 0.10405 
1.37 0.00873 0.10482 
1.38 0.00874 0.10558 
1.39 0.00876 0.10635 
1.40 0.00877 0.10711 
1.41 0.00878 0.10788 
1.42 0.00879 0.10864 
1.43 0.00881 0.10941 
1.44 0.00882 0.11017 
1.45 0.00883 0.11094 
1.46 0.00884 0.11170 
1.47 0.00886 0.11247 
1.48 0.00887 0.11323 
1.49 0.00888 0.11400 
1.50 0.00890 0.11476 
1.51 0.00891 0.11553 
1.52 0.00892 0.11629 
1.53 0.00894 0.11706 
1.54 0.00895 0.11782 
1.55 0.00896 0.11859 
1.56 0.00898 0.11935 
1.57 0.00899 0.12012 
1.58 0.00901 0.12088 
1.59 0.00902 0.12165 
1.60 0.00903 0.12241 
1.61 0.00905 0.12318 
1.62 0.00906 0.12394 
1.63 0.00908 0.12471 
1.64 0.00909 0.12547 
1.65 0.00911 0.12624 
1.66 0.00912 0.12700 
1.67 0.00914 0.12777 
1.68 0.00915 0.12853 
1.69 0.00917 0.12930 
1.70 0.00918 0.13006 
1.71 0.00920 0.13083 
1.72 0.00921 0.13159 
1.73 0.00923 0.13235 
1.74 0.00924 0.13312 
1.75 0.00926 0.13388 
1.76 0.00927 0.13465 
1.77 0.00929 0.13541 
1.78 0.00930 0.13618 
1.79 0.00932 0.13694 
1.80 0.00934 0.13771 
1.81 0.00935 0.13847 
1.82 0.00937 0.13924 
1.83 0.00938 0.14000 
1.84 0.00940 0.14077 
1.85 0.00942 0.14153 
1.86 0.00943 0.14230 
1.87 0.00945 0.14306 
1.88 0.00947 0.14383 
1.89 0.00948 0.14459 
1.90 0.00950 0.14536 
1.91 0.00952 0.14612 
1.92 0.00953 0.14689 
1.93 0.00955 0.14765 
1.94 0.00957 0.14842 
1.95 0.00958 0.14918 
1.96 0.00960 0.14994 
1.97 0.00962 0.15071 
1.98 0.00964 0.15147 
1.99 0.00965 0.15224 
2.00 0.00967 0.15300 
2.01 0.00969 0.15377 
2.02 0.00971 0.15453 
2.03 0.00972 0.15530 
2.04 0.00974 0.15606 
2.05 0.00976 0.15683 
2.06 0.00978 0.15759 
2.07 0.00980 0.15836 
2.08 0.00982 0.15912 
2.09 0.00983 0.15989 
2.10 0.00985 0.16065 
2.11 0.00987 0.16142 
2.12 0.00989 0.16218 
2.13 0.00991 0.16294 
2.14 0.00993 0.16371 
2.15 0.00995 0.16447 
2.16 0.00997 0.16524 
2.17 0.00998 0.16600 
2.18 0.01000 0.16677 
2.19 0.01002 0.16753 
2.20 0.01004 0.16830 
2.21 0.01006 0.16906 
2.22 0.01008 0.16983 
2.23 0.01010 0.17059 
2.24 0.01012 0.17136 
2.25 0.01014 0.17212 
2.26 0.01016 0.17288 
2.27 0.01018 0.17365 
2.28 0.01020 0.17441 
2.29 0.01022 0.17518 
2.30 0.01024 0.17594 
2.31 0.01026 0.17671 
2.32 0.01028 0.17747 
2.33 0.01030 0.17824 
2.34 0.01032 0.17900 
2.35 0.01034 0.17977 
2.36 0.01037 0.18053 
2.37 0.01039 0.18129 
2.38 0.01041 0.18206 
2.39 0.01043 0.18282 
2.40 0.01045 0.18359 
2.41 0.01047 0.18435 
2.42 0.01049 0.18512 
2.43 0.01051 0.18588 
2.44 0.01054 0.18665 
2.45 0.01056 0.18741 
2.46 0.01058 0.18817 
2.47 0.01060 0.18894 
2.48 0.01062 0.18970 
2.49 0.01064 0.19047 
2.50 0.01067 0.19123 
2.51 0.01069 0.19200 
2.52 0.01071 0.19276 
2.53 0.01073 0.19353 
2.54 0.01076 0.19429 
2.55 0.01078 0.19505 
2.56 0.01080 0.19582 
2.57 0.01082 0.19658 
2.58 0.01085 0.19735 
2.59 0.01087 0.19811 
2.60 0.01089 0.19888 
2.61 0.01091 0.19964 
2.62 0.01094 0.20041 
2.63 0.01096 0.20117 
2.64 0.01098 0.20193 
2.65 0.01101 0.20270 
2.66 0.01103 0.20346 
2.67 0.01105 0.20423 
2.68 0.01108 0.20499 
2.69 0.01110 0.20576 
2.70 0.01113 0.20652 
2.71 0.01115 0.20728 
2.72 0.01117 0.20805 
2.73 0.01120 0.20881 
2.74 0.01122 0.20958 
2.75 0.01125 0.21034 
2.76 0.01127 0.21111 
2.77 0.01129 0.21187 
2.78 0.01132 0.21263 
2.79 0.01134 0.21340 
2.80 0.01137 0.21416 
2.81 0.01139 0.21493 
2.82 0.01142 0.21569 
2.83 0.01144 0.21646 
2.84 0.01147 0.21722 
2.85 0.01149 0.21798 
2.86 0.01152 0.21875 
2.87 0.01154 0.21951 
2.88 0.01157 0.22028 
2.89 0.01159 0.22104 
2.90 0.01162 0.22181 
2.91 0.01165 0.22257 
2.92 0.01167 0.22333 
2.93 0.01170 0.22410 
2.94 0.01172 0.22486 
2.95 0.01175 0.22563 
2.96 0.01178 0.22639 
2.97 0.01180 0.22715 
2.98 0.01183 0.22792 
2.99 0.01185 0.22868 
3.00 0.01188 0.22945 
3.01 0.01191 0.23021 
3.02 0.01193 0.23098 
3.03 0.01196 0.23174 
3.04 0.01199 0.23250 
3.05 0.01201 0.23327 
3.06 0.01204 0.23403 
3.07 0.01207 0.23480 
3.08 0.01210 0.23556 
3.09 0.01212 0.23632 
3.10 0.01215 0.23709 
3.11 0.01218 0.23785 
3.12 0.01220 0.23862 
3.13 0.01223 0.23938 
3.14 0.01226 0.24014 
3.15 0.01229 0.24091 
3.16 0.01232 0.24167 
3.17 0.01234 0.24244 
3.18 0.01237 0.24320 
3.19 0.01240 0.24396 
3.20 0.01243 0.24473 
3.21 0.01246 0.24549 
3.22 0.01248 0.24626 
3.23 0.01251 0.24702 
3.24 0.01254 0.24778 
3.25 0.01257 0.24855 
3.26 0.01260 0.24931 
3.27 0.01263 0.25008 
3.28 0.01266 0.25084 
3.29 0.01269 0.25160 
3.30 0.01271 0.25237 
3.31 0.01274 0.25313 
3.32 0.01277 0.25390 
3.33 0.01280 0.25466 
3.34 0.01283 0.25542 
3.35 0.01286 0.25619 
3.36 0.01289 0.25695 
3.37 0.01292 0.25771 
3.38 0.01295 0.25848 
3.39 0.01298 0.25924 
3.40 0.01301 0.26001 
3.41 0.01304 0.26077 
3.42 0.01307 0.26153 
3.43 0.01310 0.26230 
3.44 0.01313 0.26306 
3.45 0.01316 0.26383 
3.46 0.01319 0.26459 
3.47 0.01322 0.26535 
3.48 0.01325 0.26612 
3.49 0.01328 0.26688 
3.50 0.01331 0.26764 
3.51 0.01334 0.26841 
3.52 0.01338 0.26917 
3.53 0.01341 0.26994 
3.54 0.01344 0.27070 
3.55 0.01347 0.27146 
3.56 0.01350 0.27223 
3.57 0.01353 0.27299 
3.58 0.01356 0.27375 
3.59 0.01359 0.27452 
3.60 0.01363 0.27528 
3.61 0.01366 0.27604 
3.62 0.01369 0.27681 
3.63 0.01372 0.27757 
3.64 0.01375 0.27834 
3.65 0.01379 0.27910 
3.66 0.01382 0.27986 
3.67 0.01385 0.28063 
3.68 0.01388 0.28139 
3.69 0.01392 0.28215 
3.70 0.01395 0.28292 
3.71 0.01398 0.28368 
3.72 0.01401 0.28444 
3.73 0.01405 0.28521 
3.74 0.01408 0.28597 
3.75 0.01411 0.28674 
3.76 0.01414 0.28750 
3.77 0.01418 0.28826 
3.78 0.01421 0.28903 
3.79 0.01424 0.28979 
3.80 0.01428 0.29055 
3.81 0.01431 0.29132 
3.82 0.01434 0.29208 
3.83 0.01438 0.29284 
3.84 0.01441 0.29361 
3.85 0.01445 0.29437 
3.86 0.01448 0.29513 
3.87 0.01451 0.29590 
3.88 0.01455 0.29666 
3.89 0.01458 0.29742 
3.90 0.01462 0.29819 
3.91 0.01465 0.29895 
3.92 0.01469 0.29971 
3.93 0.01472 0.30048 
3.94 0.01475 0.30124 
3.95 0.01479 0.30200 
3.96 0.01482 0.30277 
3.97 0.01486 0.30353 
3.98 0.01489 0.30429 
3.99 0.01493 0.30506 
4.00 0.01496 0.30582 
4.01 0.01500 0.30658 
4.02 0.01503 0.30735 
4.03 0.01507 0.30811 
4.04 0.01511 0.30887 
4.05 0.01514 0.30964 
4.06 0.01518 0.31040 
4.07 0.01521 0.31116 
4.08 0.01525 0.31193 
4.09 0.01528 0.31269 
4.10 0.01532 0.31345 
4.11 0.01536 0.31422 
4.12 0.01539 0.31498 
4.13 0.01543 0.31574 
4.14 0.01546 0.31651 
4.15 0.01550 0.31727 
4.16 0.01554 0.31803 
4.17 0.01557 0.31880 
4.18 0.01561 0.31956 
4.19 0.01565 0.32032 
4.20 0.01568 0.32108 
4.21 0.01572 0.32185 
4.22 0.01576 0.32261 
4.23 0.01580 0.32337 
4.24 0.01583 0.32414 
4.25 0.01587 0.32490 
4.26 0.01591 0.32566 
4.27 0.01595 0.32643 
4.28 0.01598 0.32719 
4.29 0.01602 0.32795 
4.30 0.01606 0.32872 
4.31 0.01610 0.32948 
4.32 0.01613 0.33024 
4.33 0.01617 0.33100 
4.34 0.01621 0.33177 
4.35 0.01625 0.33253 
4.36 0.01629 0.33329 
4.37 0.01632 0.33406 
4.38 0.01636 0.33482 
4.39 0.01640 0.33558 
4.40 0.01644 0.33635 
4.41 0.01648 0.33711 
4.42 0.01652 0.33787 
4.43 0.01656 0.33863 
4.44 0.01660 0.33940 
4.45 0.01663 0.34016 
4.46 0.01667 0.34092 
4.47 0.01671 0.34169 
4.48 0.01675 0.34245 
4.49 0.01679 0.34321 
4.50 0.01683 0.34397 
4.51 0.01687 0.34474 
4.52 0.01691 0.34550 
4.53 0.01695 0.34626 
4.54 0.01699 0.34703 
4.55 0.01703 0.34779 
4.56 0.01707 0.34855 
4.57 0.01711 0.34931 
4.58 0.01715 0.35008 
4.59 0.01719 0.35084 
4.60 0.01723 0.35160 
4.61 0.01727 0.35236 
4.62 0.01731 0.35313 
4.63 0.01735 0.35389 
4.64 0.01739 0.35465 
4.65 0.01743 0.35541 
4.66 0.01747 0.35618 
4.67 0.01751 0.35694 
4.68 0.01756 0.35770 
4.69 0.01760 0.35847 
4.70 0.01764 0.35923 
4.71 0.01768 0.35999 
4.72 0.01772 0.36075 
4.73 0.01776 0.36152 
4.74 0.01780 0.36228 
4.75 0.01784 0.36304 
4.76 0.01789 0.36380 
4.77 0.01793 0.36457 
4.78 0.01797 0.36533 
4.79 0.01801 0.36609 
4.80 0.01805 0.36685 
4.81 0.01810 0.36762 
4.82 0.01814 0.36838 
4.83 0.01818 0.36914 
4.84 0.01822 0.36990 
4.85 0.01827 0.37067 
4.86 0.01831 0.37143 
4.87 0.01835 0.37219 
4.88 0.01839 0.37295 
4.89 0.01844 0.37372 
4.90 0.01848 0.37448 
4.91 0.01852 0.37524 
4.92 0.01856 0.37600 
4.93 0.01861 0.37677 
4.94 0.01865 0.37753 
4.95 0.01869 0.37829 
4.96 0.01874 0.37905 
4.97 0.01878 0.37981 
4.98 0.01882 0.38058 
4.99 0.01887 0.38134 
5.00 0.01891 0.38210 
5.01 0.01896 0.38286 
5.02 0.01900 0.38363 
5.03 0.01904 0.38439 
5.04 0.01909 0.38515 
5.05 0.01913 0.38591 
5.06 0.01918 0.38667 
5.07 0.01922 0.38744 
5.08 0.01927 0.38820 
5.09 0.01931 0.38896 
5.10 0.01935 0.38972 
5.11 0.01940 0.39049 
5.12 0.01944 0.39125 
5.13 0.01949 0.39201 
5.14 0.01953 0.39277 
5.15 0.01958 0.39353 
5.16 0.01962 0.39430 
5.17 0.01967 0.39506 
5.18 0.01971 0.39582 
5.19 0.01976 0.39658 
5.20 0.01980 0.39734 
5.21 0.01985 0.39811 
5.22 0.01990 0.39887 
5.23 0.01994 0.39963 
5.24 0.01999 0.40039 
5.25 0.02003 0.40115 
5.26 0.02008 0.40192 
5.27 0.02012 0.40268 
5.28 0.02017 0.40344 
5.29 0.02022 0.40420 
5.30 0.02026 0.40496 
5.31 0.02031 0.40573 
5.32 0.02036 0.40649 
5.33 0.02040 0.40725 
5.34 0.02045 0.40801 
5.35 0.02050 0.40877 
5.36 0.02054 0.40953 
5.37 0.02059 0.41030 
5.38 0.02064 0.41106 
5.39 0.02068 0.41182 
5.40 0.02073 0.41258 
5.41 0.02078 0.41334 
5.42 0.02083 0.41411 
5.43 0.02087 0.41487 
5.44 0.02092 0.41563 
5.45 0.02097 0.41639 
5.46 0.02102 0.41715 
5.47 0.02106 0.41791 
5.48 0.02111 0.41868 
5.49 0.02116 0.41944 
5.50 0.02121 0.42020 
5.51 0.02126 0.42096 
5.52 0.02130 0.42172 
5.53 0.02135 0.42248 
5.54 0.02140 0.42325 
5.55 0.02145 0.42401 
5.56 0.02150 0.42477 
5.57 0.02155 0.42553 
5.58 0.02159 0.42629 
5.59 0.02164 0.42705 
5.60 0.02169 0.42781 
5.61 0.02174 0.42858 
5.62 0.02179 0.42934 
5.63 0.02184 0.43010 
5.64 0.02189 0.43086 
5.65 0.02194 0.43162 
5.66 0.02199 0.43238 
5.67 0.02204 0.43315 
5.68 0.02208 0.43391 
5.69 0.02213 0.43467 
5.70 0.02218 0.43543 
5.71 0.02223 0.43619 
5.72 0.02228 0.43695 
5.73 0.02233 0.43771 
5.74 0.02238 0.43847 
5.75 0.02243 0.43924 
5.76 0.02248 0.44000 
5.77 0.02253 0.44076 
5.78 0.02258 0.44152 
5.79 0.02263 0.44228 
5.80 0.02269 0.44304 
5.81 0.02274 0.44380 
5.82 0.02279 0.44457 
5.83 0.02284 0.44533 
5.84 0.02289 0.44609 
5.85 0.02294 0.44685 
5.86 0.02299 0.44761 
5.87 0.02304 0.44837 
5.88 0.02309 0.44913 
5.89 0.02314 0.44989 
5.90 0.02320 0.45065 
5.91 0.02325 0.45142 
5.92 0.02330 0.45218 
5.93 0.02335 0.45294 
5.94 0.02340 0.45370 
5.95 0.02345 0.45446 
5.96 0.02351 0.45522 
5.97 0.02356 0.45598 
5.98 0.02361 0.45674 
5.99 0.02366 0.45750 
6.00 0.02371 0.45827 
6.01 0.02377 0.45903 
6.02 0.02382 0.45979 
6.03 0.02387 0.46055 
6.04 0.02392 0.46131 
6.05 0.02398 0.46207 
6.06 0.02403 0.46283 
6.07 0.02408 0.46359 
6.08 0.02413 0.46435 
6.09 0.02419 0.46511 
6.10 0.02424 0.46587 
6.11 0.02429 0.46664 
6.12 0.02435 0.46740 
6.13 0.02440 0.46816 
6.14 0.02445 0.46892 
6.15 0.02451 0.46968 
6.16 0.02456 0.47044 
6.17 0.02461 0.47120 
6.18 0.02467 0.47196 
6.19 0.02472 0.47272 
6.20 0.02477 0.47348 
6.21 0.02483 0.47424 
6.22 0.02488 0.47500 
6.23 0.02494 0.47576 
6.24 0.02499 0.47652 
6.25 0.02505 0.47729 
6.26 0.02510 0.47805 
6.27 0.02515 0.47881 
6.28 0.02521 0.47957 
6.29 0.02526 0.48033 
6.30 0.02532 0.48109 
6.31 0.02537 0.48185 
6.32 0.02543 0.48261 
6.33 0.02548 0.48337 
6.34 0.02554 0.48413 
6.35 0.02559 0.48489 
6.36 0.02565 0.48565 
6.37 0.02570 0.48641 
6.38 0.02576 0.48717 
6.39 0.02581 0.48793 
6.40 0.02587 0.48869 
6.41 0.02592 0.48945 
6.42 0.02598 0.49021 
6.43 0.02604 0.49097 
6.44 0.02609 0.49173 
6.45 0.02615 0.49249 
6.46 0.02621 0.49326 
6.47 0.02626 0.49402 
6.48 0.02632 0.49478 
6.49 0.02638 0.49554 
6.50 0.02644 0.49630 
6.51 0.02650 0.49706 
6.52 0.02655 0.49782 
6.53 0.02661 0.49858 
6.54 0.02667 0.49934 
6.55 0.02673 0.50010 
6.56 0.02679 0.50086 
6.57 0.02685 0.50162 
6.58 0.02692 0.50238 
6.59 0.02698 0.50314 
6.60 0.02704 0.50390 
6.61 0.02710 0.50466 
6.62 0.02717 0.50542 
6.63 0.02723 0.50618 
6.64 0.02729 0.50694 
6.65 0.02736 0.50770 
6.66 0.02742 0.50846 
6.67 0.02749 0.50922 
6.68 0.02756 0.50998 
6.69 0.02762 0.51074 
6.70 0.02769 0.51150 
6.71 0.02776 0.51226 
6.72 0.02783 0.51302 
6.73 0.02789 0.51378 
6.74 0.02796 0.51454 
6.75 0.02803 0.51530 
6.76 0.02810 0.51606 
6.77 0.02818 0.51682 
6.78 0.02825 0.51758 
6.79 0.02832 0.51834 
6.80 0.02839 0.51910 
6.81 0.02847 0.51986 
6.82 0.02854 0.52062 
6.83 0.02862 0.52138 
6.84 0.02869 0.52214 
6.85 0.02877 0.52290 
6.86 0.02884 0.52366 
6.87 0.02892 0.52442 
6.88 0.02900 0.52517 
6.89 0.02908 0.52593 
6.90 0.02916 0.52669 
6.91 0.02924 0.52745 
6.92 0.02932 0.52821 
6.93 0.02940 0.52897 
6.94 0.02948 0.52973 
6.95 0.02957 0.53049 
6.96 0.02965 0.53125 
6.97 0.02973 0.53201 
6.98 0.02982 0.53277 
6.99 0.02991 0.53353 
7.00 0.02999 0.53429 
7.01 0.03008 0.53505 
7.02 0.03017 0.53581 
7.03 0.03026 0.53657 
7.04 0.03035 0.53733 
7.05 0.03044 0.53809 
7.06 0.03053 0.53885 
7.07 0.03062 0.53961 
7.08 0.03071 0.54036 
7.09 0.03081 0.54112 
7.10 0.03090 0.54188 
7.11 0.03100 0.54264 
7.12 0.03109 0.54340 
7.13 0.03119 0.54416 
7.14 0.03129 0.54492 
7.15 0.03138 0.54568 
7.16 0.03148 0.54644 
7.17 0.03158 0.54720 
7.18 0.03168 0.54796 
7.19 0.03179 0.54872 
7.20 0.03189 0.54948 
7.21 0.03199 0.55023 
7.22 0.03210 0.55099 
7.23 0.03220 0.55175 
7.24 0.03231 0.55251 
7.25 0.03241 0.55327 
7.26 0.03252 0.55403 
7.27 0.03263 0.55479 
7.28 0.03274 0.55555 
7.29 0.03285 0.55631 
7.30 0.03296 0.55707 
7.31 0.03307 0.55783 
7.32 0.03319 0.55858 
7.33 0.03330 0.55934 
7.34 0.03341 0.56010 
7.35 0.03353 0.56086 
7.36 0.03365 0.56162 
7.37 0.03376 0.56238 
7.38 0.03388 0.56314 
7.39 0.03400 0.56390 
7.40 0.03412 0.56466 
7.41 0.03424 0.56541 
7.42 0.03437 0.56617 
7.43 0.03449 0.56693 
7.44 0.03461 0.56769 
7.45 0.03474 0.56845 
7.46 0.03486 0.56921 
7.47 0.03499 0.56997 
7.48 0.03512 0.57072 
7.49 0.03525 0.57148 
7.50 0.03538 0.57224 
7.51 0.03551 0.57300 
7.52 0.03564 0.57376 
7.53 0.03577 0.57452 
7.54 0.03591 0.57528 
7.55 0.03604 0.57604 
7.56 0.03618 0.57679 
7.57 0.03632 0.57755 
7.58 0.03645 0.57831 
7.59 0.03659 0.57907 
7.60 0.03673 0.57983 
7.61 0.03687 0.58059 
7.62 0.03701 0.58134 
7.63 0.03716 0.58210 
7.64 0.03730 0.58286 
7.65 0.03745 0.58362 
7.66 0.03759 0.58438 
7.67 0.03774 0.58514 
7.68 0.03789 0.58589 
7.69 0.03804 0.58665 
7.70 0.03819 0.58741 
7.71 0.03834 0.58817 
7.72 0.03849 0.58893 
7.73 0.03864 0.58969 
7.74 0.03880 0.59044 
7.75 0.03895 0.59120 
7.76 0.03911 0.59196 
7.77 0.03927 0.59272 
7.78 0.03943 0.59348 
7.79 0.03959 0.59423 
7.80 0.03975 0.59499 
7.81 0.03991 0.59575 
7.82 0.04007 0.59651 
7.83 0.04024 0.59727 
7.84 0.04040 0.59803 
7.85 0.04057 0.59878 
7.86 0.04074 0.59954 
7.87 0.04091 0.60030 
7.88 0.04108 0.60106 
7.89 0.04125 0.60182 
7.90 0.04142 0.60257 
7.91 0.04159 0.60333 
7.92 0.04177 0.60409 
7.93 0.04194 0.60485 
7.94 0.04212 0.60560 
7.95 0.04230 0.60636 
7.96 0.04247 0.60712 
7.97 0.04265 0.60788 
7.98 0.04283 0.60864 
7.99 0.04302 0.60939 
8.00 0.04320 0.61015 
