1 10   0.151775                                      0.0012303
2 20   0.152636                                      0.0012456
3 30   0.152804                                      0.0012490
4 40   0.152886                                      0.0012506
5 50   0.152931                                      0.0012516
6 60   0.152954                                      0.0012521
7 70            NaN                                  0.0012526
8 80            NaN                                  0.0012529
9 90            NaN                                  0.0012532
10 100            NaN                                  0.0012533
