1 2   0.137996                                     
2 4   0.138806                                     
3 6   0.138858                                     
4 8   0.138780                                     
5 10   0.138711                                     
6 12   0.138659                                     
7 14   0.138621                                     
8 16   0.138591                                     
9 18   0.138568                                     
10 20   0.138549                                     
11 22   0.138534                                     
12 24   0.138521                                     
13 26   0.138511                                     
14 28   0.138501                                     
