1 7   0.139792                                      0.0010441
2 14   0.140017                                      0.0010486
3 21   0.139985                                      0.0010486
4 28   0.139969                                      0.0010487
5 35   0.139961                                      0.0010488
6 42   0.139957                                      0.0010489
7 49            NaN                                  0.0010490
8 56            NaN                                  0.0010490
9 63            NaN                                  0.0010491
10 70            NaN                                        NaN
