1 3   0.150408                                      0.0012134
2 6   0.151873                                      0.0012311
3 9   0.152394                                      0.0012411
4 12   0.152611                                      0.0012453
5 15   0.152732                                      0.0012477
6 18   0.152807                                      0.0012492
7 21   0.152859                                      0.0012502
8 24   0.152898                                      0.0012510
9 27   0.152926                                      0.0012516
10 30   0.152950                                      0.0012520
11 33   0.152969                                      0.0012524
12 36   0.152983                                      0.0012527
13 39   0.152995                                      0.0012529
14 42   0.153007                                      0.0012531
15 45   0.153015                                      0.0012533
16 48   0.153022                                      0.0012534
17 51   0.153029                                      0.0012535
18 54   0.153031                                      0.0012536
