1 4   0.150843                                      0.0012155
2 8   0.152346                                      0.0012398
3 12   0.152634                                      0.0012456
4 16   0.152768                                      0.0012483
5 20   0.152847                                      0.0012499
6 24   0.152899                                      0.0012509
7 28   0.152936                                      0.0012517
8 32   0.152963                                      0.0012522
9 36   0.152983                                      0.0012526
10 40   0.153001                                      0.0012529
11 44   0.153012                                      0.0012532
12 48   0.153024                                      0.0012534
13 52   0.153031                                      0.0012536
14 56   0.153037                                      0.0012537
15 60   0.153041                                      0.0012538
