1 9   0.151774                                      0.0012302
2 18   0.152627                                      0.0012456
3 27   0.152801                                      0.0012489
4 36   0.152880                                      0.0012506
5 45   0.152932                                      0.0012516
6 54   0.152961                                      0.0012522
7 63   0.152981                                      0.0012527
8 72            NaN                                        NaN
9 81            NaN                                  0.0012532
10 90            NaN                                  0.0012533
11 99            NaN                                        NaN
