1 4   0.140190                                      0.0010495
2 8   0.140310                                      0.0010525
3 12   0.140179                                      0.0010512
4 16   0.140114                                      0.0010506
5 20   0.140078                                      0.0010504
6 24   0.140056                                      0.0010502
7 28   0.140041                                      0.0010501
8 32   0.140030                                      0.0010500
9 36   0.140022                                      0.0010500
10 40   0.140015                                      0.0010499
11 44   0.140009                                      0.0010499
12 48   0.140004                                      0.0010499
13 52            NaN                                        NaN
