#    s        x        y     Ue/Vinf    Dstar     Theta      Cf       H       H*        P         m          K          tau         Di
   0.00000  0.99998  0.00026  0.98436  0.031075  0.017841  0.002919    1.7418    1.6837  0.01729  0.03059  0.02865
   0.00434  0.99567  0.00072  0.98638  0.030775  0.017698  0.002951    1.7389    1.6847  0.01722  0.03036  0.02861
   0.01081  0.98923  0.00141  0.98934  0.030345  0.017491  0.002998    1.7350    1.6861  0.01712  0.03002  0.02856
   0.01820  0.98189  0.00220  0.99270  0.029873  0.017259  0.003050    1.7308    1.6876  0.01701  0.02966  0.02849
   0.02575  0.97438  0.00300  0.99601  0.029428  0.017035  0.003098    1.7275    1.6888  0.01690  0.02931  0.02843
   0.03350  0.96667  0.00380  0.99930  0.029000  0.016815  0.003144    1.7247    1.6899  0.01679  0.02898  0.02836
   0.04137  0.95884  0.00461  1.00260  0.028587  0.016598  0.003188    1.7224    1.6909  0.01668  0.02866  0.02828
   0.04923  0.95102  0.00542  1.00585  0.028192  0.016386  0.003231    1.7205    1.6918  0.01658  0.02836  0.02821
   0.05709  0.94320  0.00623  1.00908  0.027813  0.016180  0.003271    1.7190    1.6926  0.01647  0.02807  0.02814
   0.06496  0.93538  0.00704  1.01227  0.027450  0.015978  0.003308    1.7180    1.6933  0.01637  0.02779  0.02806
   0.07283  0.92755  0.00784  1.01542  0.027103  0.015782  0.003344    1.7173    1.6938  0.01627  0.02752  0.02799
   0.08069  0.91973  0.00864  1.01853  0.026772  0.015591  0.003376    1.7172    1.6943  0.01617  0.02727  0.02791
   0.08856  0.91190  0.00944  1.02162  0.026454  0.015404  0.003407    1.7174    1.6946  0.01608  0.02703  0.02783
   0.09643  0.90407  0.01024  1.02469  0.026148  0.015220  0.003436    1.7180    1.6948  0.01598  0.02679  0.02775
   0.10430  0.89624  0.01103  1.02773  0.025854  0.015041  0.003462    1.7190    1.6949  0.01589  0.02657  0.02767
   0.11216  0.88842  0.01182  1.03075  0.025573  0.014864  0.003485    1.7204    1.6950  0.01579  0.02636  0.02759
   0.12003  0.88059  0.01261  1.03374  0.025303  0.014692  0.003507    1.7222    1.6949  0.01570  0.02616  0.02751
   0.12789  0.87277  0.01339  1.03672  0.025044  0.014523  0.003525    1.7245    1.6947  0.01561  0.02596  0.02742
   0.13576  0.86494  0.01418  1.03968  0.024795  0.014356  0.003541    1.7271    1.6944  0.01552  0.02578  0.02734
   0.14362  0.85711  0.01495  1.04262  0.024558  0.014193  0.003555    1.7302    1.6940  0.01543  0.02560  0.02725
   0.15148  0.84929  0.01573  1.04554  0.024331  0.014033  0.003565    1.7338    1.6934  0.01534  0.02544  0.02716
   0.15934  0.84147  0.01649  1.04845  0.024114  0.013875  0.003573    1.7379    1.6928  0.01525  0.02528  0.02707
   0.16720  0.83364  0.01726  1.05134  0.023908  0.013721  0.003577    1.7425    1.6920  0.01517  0.02514  0.02698
   0.17506  0.82582  0.01802  1.05421  0.023712  0.013569  0.003578    1.7476    1.6912  0.01508  0.02500  0.02688
   0.18293  0.81800  0.01878  1.05708  0.023525  0.013419  0.003576    1.7532    1.6901  0.01499  0.02487  0.02679
   0.19079  0.81017  0.01953  1.05994  0.023348  0.013271  0.003570    1.7594    1.6890  0.01491  0.02475  0.02669
   0.19865  0.80235  0.02027  1.06279  0.023180  0.013125  0.003561    1.7661    1.6878  0.01482  0.02464  0.02659
   0.20650  0.79453  0.02102  1.06564  0.023022  0.012981  0.003549    1.7735    1.6864  0.01474  0.02453  0.02649
   0.21436  0.78670  0.02175  1.06848  0.022873  0.012839  0.003532    1.7816    1.6849  0.01466  0.02444  0.02639
   0.22222  0.77888  0.02249  1.07132  0.022734  0.012698  0.003542    1.7903    1.6832  0.01457  0.02436  0.02628
   0.23008  0.77105  0.02321  1.07416  0.022604  0.012559  0.003549    1.7998    1.6814  0.01449  0.02428  0.02617
   0.23794  0.76323  0.02393  1.07701  0.022482  0.012421  0.003553    1.8100    1.6795  0.01441  0.02421  0.02606
   0.24579  0.75540  0.02465  1.07977  0.022371  0.012289  0.003554    1.8205    1.6773  0.01433  0.02416  0.02595
   0.25365  0.74758  0.02536  1.08249  0.022269  0.012159  0.003552    1.8315    1.6748  0.01425  0.02411  0.02583
   0.26151  0.73975  0.02607  1.08522  0.022176  0.012030  0.003547    1.8433    1.6723  0.01417  0.02407  0.02571
   0.26936  0.73193  0.02677  1.08796  0.022092  0.011902  0.003537    1.8561    1.6695  0.01409  0.02404  0.02559
   0.27722  0.72410  0.02747  1.09071  0.022019  0.011775  0.003523    1.8700    1.6666  0.01401  0.02402  0.02546
   0.28508  0.71627  0.02816  1.09350  0.021954  0.011648  0.003505    1.8848    1.6635  0.01393  0.02401  0.02534
   0.29294  0.70845  0.02885  1.09632  0.021897  0.011520  0.003483    1.9008    1.6603  0.01385  0.02401  0.02520
   0.30079  0.70062  0.02953  1.09917  0.021852  0.011392  0.003455    1.9181    1.6568  0.01376  0.02402  0.02507
   0.30865  0.69280  0.03021  1.10205  0.021818  0.011265  0.003422    1.9368    1.6532  0.01368  0.02404  0.02493
   0.31650  0.68497  0.03088  1.10498  0.021795  0.011137  0.003383    1.9571    1.6493  0.01360  0.02408  0.02478
   0.32436  0.67714  0.03154  1.10796  0.021783  0.011007  0.003338    1.9790    1.6452  0.01351  0.02413  0.02463
   0.33221  0.66932  0.03220  1.11101  0.021782  0.010877  0.003286    2.0026    1.6409  0.01343  0.02420  0.02448
   0.34006  0.66149  0.03285  1.11413  0.021793  0.010745  0.003228    2.0282    1.6364  0.01334  0.02428  0.02432
   0.34791  0.65367  0.03350  1.11733  0.021817  0.010611  0.003163    2.0561    1.6317  0.01325  0.02438  0.02415
   0.35577  0.64584  0.03414  1.12062  0.021854  0.010475  0.003090    2.0863    1.6266  0.01315  0.02449  0.02398
   0.36362  0.63802  0.03477  1.12403  0.021904  0.010336  0.003009    2.1193    1.6214  0.01306  0.02462  0.02380
   0.37147  0.63019  0.03539  1.12756  0.021968  0.010193  0.002919    2.1551    1.6159  0.01296  0.02477  0.02361
   0.37931  0.62237  0.03601  1.13124  0.022046  0.010047  0.002821    2.1943    1.6101  0.01286  0.02494  0.02342
   0.38716  0.61454  0.03662  1.13508  0.022139  0.009896  0.002713    2.2372    1.6042  0.01275  0.02513  0.02322
   0.39501  0.60672  0.03722  1.13911  0.022247  0.009740  0.002595    2.2841    1.5979  0.01264  0.02534  0.02300
   0.40285  0.59890  0.03782  1.14335  0.022371  0.009577  0.002467    2.3358    1.5915  0.01252  0.02558  0.02278
   0.41070  0.59107  0.03841  1.14784  0.022509  0.009408  0.002328    2.3926    1.5848  0.01240  0.02584  0.02255
   0.41854  0.58325  0.03898  1.15260  0.022663  0.009230  0.002178    2.4553    1.5780  0.01226  0.02612  0.02230
   0.42639  0.57543  0.03955  1.15768  0.022833  0.009044  0.002017    2.5246    1.5710  0.01212  0.02643  0.02204
   0.43423  0.56761  0.04012  1.16311  0.023018  0.008847  0.001844    2.6017    1.5640  0.01197  0.02677  0.02177
   0.44207  0.55979  0.04067  1.16893  0.023218  0.008639  0.001660    2.6875    1.5569  0.01180  0.02714  0.02148
   0.44991  0.55197  0.04121  1.17521  0.023433  0.008419  0.001464    2.7834    1.5498  0.01163  0.02754  0.02118
   0.45774  0.54415  0.04174  1.18198  0.023661  0.008184  0.001258    2.8911    1.5429  0.01143  0.02797  0.02085
   0.46558  0.53633  0.04226  1.18932  0.023902  0.007934  0.001041    3.0126    1.5363  0.01122  0.02843  0.02051
   0.47342  0.52851  0.04278  1.19729  0.024153  0.007667  0.000816    3.1504    1.5302  0.01099  0.02892  0.02014
   0.48125  0.52069  0.04328  1.20595  0.024412  0.007381  0.000586    3.3074    1.5249  0.01073  0.02944  0.01974
   0.48908  0.51287  0.04377  1.21540  0.024678  0.007075  0.000353    3.4878    1.5205  0.01045  0.02999  0.01931
   0.49691  0.50506  0.04425  1.22572  0.024946  0.006748  0.000124    3.6968    1.5175  0.01014  0.03058  0.01886
   0.50475  0.49724  0.04472  1.23702  0.025213  0.006397 -0.000060    3.9413    1.5165  0.00979  0.03119  0.01836
   0.51258  0.48942  0.04517  1.24980  0.025465  0.006009 -0.000168    4.2376    1.5198  0.00939  0.03183  0.01783
   0.52041  0.48160  0.04562  1.26376  0.025700  0.005597 -0.000251    4.5920    1.5269  0.00894  0.03248  0.01725
   0.52823  0.47379  0.04605  1.27801  0.025926  0.005187 -0.000307    4.9987    1.5346  0.00847  0.03313  0.01661
   0.53606  0.46598  0.04647  1.29234  0.026142  0.004785 -0.000342    5.4628    1.5415  0.00799  0.03378  0.01592
   0.54388  0.45817  0.04687  1.30710  0.026334  0.004384 -0.000365    6.0071    1.5491  0.00749  0.03442  0.01517
   0.55170  0.45036  0.04727  1.32242  0.026495  0.003979 -0.000381    6.6584    1.5579  0.00696  0.03504  0.01434
   0.55952  0.44254  0.04764  1.33844  0.026613  0.003569 -0.000393    7.4572    1.5685  0.00639  0.03562  0.01342
   0.56734  0.43473  0.04801  1.35534  0.026676  0.003150 -0.000404    8.4678    1.5819  0.00579  0.03615  0.01241
   0.57516  0.42692  0.04836  1.37336  0.026667  0.002720 -0.000415    9.8033    1.5999  0.00513  0.03662  0.01127
   0.58297  0.41912  0.04869  1.39140  0.026584  0.002307 -0.001186   11.5235    1.5950  0.00447  0.03699  0.00991
   0.59078  0.41131  0.04901  1.39247  0.026684  0.002285 -0.001196   11.6755    1.5970  0.00443  0.03716  0.00985
   0.59860  0.40350  0.04931  1.39349  0.026702  0.002265 -0.001207   11.7893    1.5984  0.00440  0.03721  0.00980
   0.60641  0.39570  0.04959  1.39449  0.026654  0.002245 -0.001217   11.8723    1.5995  0.00437  0.03717  0.00974
   0.61421  0.38790  0.04986  1.39546  0.026551  0.002226 -0.001228   11.9290    1.6002  0.00433  0.03705  0.00968
   0.62202  0.38010  0.05011  1.39642  0.026399  0.002207 -0.001239   11.9617    1.6007  0.00430  0.03686  0.00962
   0.62982  0.37230  0.05035  1.39738  0.026203  0.002189 -0.001250   11.9730    1.6008  0.00427  0.03662  0.00956
   0.63762  0.36450  0.05056  1.39832  0.025969  0.002170 -0.001262   11.9651    1.6007  0.00424  0.03631  0.00950
   0.64542  0.35671  0.05075  1.39927  0.025697  0.002153 -0.001273   11.9384    1.6004  0.00421  0.03596  0.00944
   0.65322  0.34891  0.05092  1.40022  0.025391  0.002135 -0.001285   11.8934    1.5998  0.00419  0.03555  0.00938
   0.66101  0.34112  0.05108  1.40117  0.025052  0.002117 -0.001297   11.8316    1.5990  0.00416  0.03510  0.00931
   0.66880  0.33333  0.05121  1.40213  0.024685  0.002100 -0.001310   11.7543    1.5980  0.00413  0.03461  0.00925
   0.67658  0.32555  0.05132  1.40310  0.024290  0.002083 -0.001323   11.6620    1.5968  0.00410  0.03408  0.00919
   0.68436  0.31777  0.05141  1.40409  0.023869  0.002066 -0.001336   11.5557    1.5954  0.00407  0.03351  0.00912
   0.69214  0.30999  0.05147  1.40509  0.023425  0.002048 -0.001349   11.4361    1.5939  0.00404  0.03291  0.00906
   0.69992  0.30221  0.05151  1.40612  0.022958  0.002031 -0.001363   11.3032    1.5922  0.00402  0.03228  0.00899
   0.70770  0.29443  0.05153  1.40717  0.022468  0.002014 -0.001378   11.1569    1.5903  0.00399  0.03162  0.00892
   0.71546  0.28667  0.05152  1.40825  0.021958  0.001996 -0.001393   10.9988    1.5883  0.00396  0.03092  0.00886
   0.72323  0.27890  0.05148  1.40936  0.021431  0.001979 -0.001409   10.8298    1.5862  0.00393  0.03020  0.00879
   0.73099  0.27114  0.05141  1.41052  0.020886  0.001961 -0.001426   10.6502    1.5839  0.00390  0.02946  0.00872
   0.73875  0.26338  0.05132  1.41172  0.020325  0.001943 -0.001444   10.4599    1.5816  0.00387  0.02869  0.00865
   0.74650  0.25563  0.05119  1.41296  0.019746  0.001925 -0.001462   10.2589    1.5791  0.00384  0.02790  0.00857
   0.75425  0.24788  0.05104  1.41427  0.019154  0.001906 -0.001482   10.0484    1.5765  0.00381  0.02709  0.00850
   0.76199  0.24015  0.05085  1.41564  0.018550  0.001887 -0.001503    9.8295    1.5738  0.00378  0.02626  0.00843
   0.76973  0.23241  0.05063  1.41708  0.017934  0.001868 -0.001525    9.6023    1.5711  0.00375  0.02541  0.00835
   0.77746  0.22468  0.05038  1.41861  0.017306  0.001848 -0.001549    9.3667    1.5683  0.00372  0.02455  0.00827
   0.78519  0.21696  0.05009  1.42023  0.016669  0.001827 -0.001575    9.1234    1.5655  0.00369  0.02367  0.00819
   0.79290  0.20925  0.04976  1.42196  0.016023  0.001806 -0.001603    8.8731    1.5626  0.00365  0.02278  0.00811
   0.80061  0.20155  0.04940  1.42381  0.015370  0.001784 -0.001634    8.6168    1.5597  0.00362  0.02188  0.00803
   0.80832  0.19386  0.04899  1.42580  0.014712  0.001761 -0.001667    8.3550    1.5568  0.00358  0.02098  0.00795
   0.81601  0.18618  0.04854  1.42795  0.014049  0.001737 -0.001704    8.0875    1.5539  0.00354  0.02006  0.00786
   0.82370  0.17851  0.04805  1.43029  0.013383  0.001712 -0.001745    7.8155    1.5511  0.00350  0.01914  0.00777
   0.83137  0.17086  0.04751  1.43284  0.012715  0.001686 -0.001791    7.5402    1.5483  0.00346  0.01822  0.00768
   0.83902  0.16322  0.04691  1.43563  0.012050  0.001659 -0.001843    7.2630    1.5455  0.00342  0.01730  0.00759
   0.84667  0.15560  0.04627  1.43871  0.011387  0.001630 -0.001901    6.9845    1.5429  0.00337  0.01638  0.00749
   0.85431  0.14799  0.04557  1.44213  0.010727  0.001600 -0.001968    6.7042    1.5404  0.00333  0.01547  0.00739
   0.86193  0.14042  0.04482  1.44592  0.010074  0.001568 -0.002045    6.4241    1.5381  0.00328  0.01457  0.00729
   0.86952  0.13287  0.04400  1.45017  0.009431  0.001534 -0.002133    6.1477    1.5359  0.00323  0.01368  0.00719
   0.87710  0.12534  0.04312  1.45497  0.008800  0.001498 -0.002230    5.8748    1.5340  0.00317  0.01280  0.00708
   0.88467  0.11783  0.04217  1.46039  0.008181  0.001459 -0.002330    5.6052    1.5322  0.00311  0.01195  0.00697
   0.89220  0.11037  0.04114  1.46655  0.007577  0.001418 -0.002411    5.3419    1.5308  0.00305  0.01111  0.00685
   0.89970  0.10295  0.04004  1.47357  0.006993  0.001375 -0.002471    5.0876    1.5296  0.00298  0.01030  0.00673
   0.90717  0.09557  0.03885  1.48160  0.006430  0.001328 -0.002473    4.8434    1.5288  0.00291  0.00953  0.00660
   0.91461  0.08825  0.03757  1.49079  0.005891  0.001278 -0.002368    4.6109    1.5282  0.00284  0.00878  0.00647
   0.92200  0.08098  0.03619  1.50129  0.005376  0.001224 -0.002110    4.3914    1.5280  0.00276  0.00807  0.00633
   0.92935  0.07379  0.03471  1.51323  0.004888  0.001168 -0.001648    4.1857    1.5280  0.00267  0.00740  0.00618
   0.93663  0.06668  0.03312  1.52673  0.004427  0.001108 -0.000933    3.9945    1.5281  0.00258  0.00676  0.00603
   0.94385  0.05967  0.03141  1.54203  0.003995  0.001046  0.000071    3.8207    1.5287  0.00249  0.00616  0.00586
   0.95099  0.05277  0.02956  1.55938  0.003590  0.000979  0.001397    3.6650    1.5298  0.00238  0.00560  0.00568
   0.95803  0.04601  0.02759  1.57899  0.003208  0.000910  0.003120    3.5243    1.5314  0.00227  0.00507  0.00549
   0.96494  0.03944  0.02547  1.60106  0.002848  0.000838  0.005331    3.3973    1.5337  0.00215  0.00456  0.00528
   0.97164  0.03313  0.02322  1.62572  0.002509  0.000764  0.008161    3.2826    1.5364  0.00202  0.00408  0.00505
   0.97806  0.02716  0.02084  1.65297  0.002195  0.000689  0.011685    3.1830    1.5394  0.00188  0.00363  0.00479
   0.98409  0.02166  0.01838  1.68274  0.001903  0.000615  0.016136    3.0954    1.5426  0.00174  0.00320  0.00452
   0.98954  0.01680  0.01592  1.71430  0.001637  0.000543  0.021831    3.0164    1.5461  0.00159  0.00281  0.00423
   0.99423  0.01274  0.01357  1.74620  0.001402  0.000476  0.029101    2.9435    1.5497  0.00145  0.00245  0.00393
   0.99810  0.00951  0.01143  1.77673  0.001208  0.000418  0.036982    2.8933    1.5526  0.00132  0.00215  0.00364
   1.00123  0.00701  0.00954  1.80579  0.001045  0.000366  0.045998    2.8528    1.5550  0.00120  0.00189  0.00336
   1.00375  0.00510  0.00790  1.83334  0.000900  0.000322  0.058348    2.7990    1.5586  0.00108  0.00165  0.00309
   1.00580  0.00364  0.00646  1.85805  0.000781  0.000283  0.071551    2.7618    1.5612  0.00098  0.00145  0.00283
   1.00751  0.00252  0.00518  1.88118  0.000680  0.000248  0.085306    2.7420    1.5627  0.00088  0.00128  0.00258
   1.00895  0.00165  0.00402  1.90455  0.000585  0.000216  0.103836    2.7152    1.5647  0.00078  0.00111  0.00233
   1.01020  0.00098  0.00297  1.92743  0.000492  0.000184  0.132040    2.6700    1.5684  0.00069  0.00095  0.00207
   1.01131  0.00048  0.00198  1.94408  0.000396  0.000154  0.186363    2.5674    1.5778  0.00058  0.00077  0.00179
   1.01229  0.00016  0.00105  1.93391  0.000317  0.000129  0.260306    2.4611    1.5893  0.00048  0.00061  0.00148
   1.01317  0.00001  0.00019  1.86835  0.000256  0.000109  0.352834    2.3365    1.6051  0.00038  0.00048  0.00115
   1.01401  0.00004 -0.00065  1.71322  0.000224  0.000099  0.395943    2.2608    1.6161  0.00029  0.00038  0.00081
   1.01489  0.00027 -0.00150  1.46326  0.000214  0.000097  0.371271    2.2076    1.6246  0.00021  0.00031  0.00049
   1.01587  0.00073 -0.00237  1.15046  0.000227  0.000104  0.282288    2.1776    1.6297  0.00014  0.00026  0.00026
   1.01696  0.00141 -0.00322  0.85045  0.000262  0.000120  0.180288    2.1840    1.6286  0.00009  0.00022  0.00012
   1.01819  0.00231 -0.00406  0.60038  0.000304  0.000139  0.109829    2.1837    1.6287  0.00005  0.00018  0.00005
   1.01962  0.00345 -0.00492  0.39292  0.000355  0.000161  0.059898    2.2120    1.6239  0.00002  0.00014  0.00002
   1.02131  0.00488 -0.00583  0.21517  0.000406  0.000184  0.028972    2.2013    1.6257  0.00001  0.00009  0.00000
   1.02335  0.00668 -0.00680  0.06571  0.000511  0.000229  0.006858    2.2295    1.6211  0.00000  0.00003  0.00000
   1.02590  0.00898 -0.00787 -0.07136  0.000511  0.000229  0.007454    2.2295    1.6211  0.00000 -0.00004 -0.00000
   1.02913  0.01198 -0.00908 -0.19903  0.000643  0.000283  0.015865    2.2735    1.6142  0.00001 -0.00013 -0.00000
   1.03322  0.01584 -0.01041 -0.30933  0.000733  0.000327  0.022215    2.2439    1.6188  0.00003 -0.00023 -0.00002
   1.03825  0.02068 -0.01181 -0.40772  0.000856  0.000374  0.024042    2.2899    1.6118  0.00006 -0.00035 -0.00004
   1.04410  0.02636 -0.01321 -0.48836  0.000974  0.000426  0.025383    2.2858    1.6124  0.00010 -0.00048 -0.00008
   1.05050  0.03262 -0.01450 -0.55370  0.001105  0.000479  0.024883    2.3070    1.6093  0.00015 -0.00061 -0.00013
   1.05726  0.03929 -0.01565 -0.60378  0.001244  0.000535  0.023693    2.3247    1.6067  0.00020 -0.00075 -0.00019
   1.06435  0.04630 -0.01668 -0.64348  0.001379  0.000591  0.022568    2.3346    1.6054  0.00024 -0.00089 -0.00025
   1.07160  0.05350 -0.01759 -0.67633  0.001501  0.000642  0.021705    2.3384    1.6048  0.00029 -0.00102 -0.00032
   1.07893  0.06079 -0.01838 -0.70356  0.001622  0.000691  0.020729    2.3468    1.6037  0.00034 -0.00114 -0.00039
   1.08634  0.06816 -0.01907 -0.72620  0.001742  0.000739  0.019748    2.3561    1.6024  0.00039 -0.00126 -0.00045
   1.09382  0.07561 -0.01966 -0.74528  0.001859  0.000786  0.018839    2.3643    1.6013  0.00044 -0.00139 -0.00052
   1.10135  0.08313 -0.02017 -0.76159  0.001973  0.000832  0.018013    2.3714    1.6004  0.00048 -0.00150 -0.00059
   1.10891  0.09068 -0.02061 -0.77574  0.002083  0.000876  0.017282    2.3772    1.5996  0.00053 -0.00162 -0.00065
   1.11650  0.09826 -0.02098 -0.78806  0.002191  0.000919  0.016586    2.3835    1.5988  0.00057 -0.00173 -0.00072
   1.12412  0.10587 -0.02129 -0.79881  0.002299  0.000962  0.015916    2.3903    1.5979  0.00061 -0.00184 -0.00078
   1.13176  0.11351 -0.02153 -0.80828  0.002404  0.001003  0.015311    2.3961    1.5972  0.00066 -0.00194 -0.00085
   1.13943  0.12117 -0.02173 -0.81670  0.002507  0.001044  0.014757    2.4014    1.5965  0.00070 -0.00205 -0.00091
   1.14710  0.12885 -0.02188 -0.82415  0.002609  0.001084  0.014222    2.4073    1.5957  0.00074 -0.00215 -0.00097
   1.15480  0.13654 -0.02198 -0.83078  0.002711  0.001123  0.013717    2.4132    1.5950  0.00078 -0.00225 -0.00103
   1.16251  0.14425 -0.02204 -0.83671  0.002811  0.001162  0.013251    2.4186    1.5943  0.00081 -0.00235 -0.00109
   1.17022  0.15197 -0.02206 -0.84202  0.002910  0.001201  0.012812    2.4239    1.5937  0.00085 -0.00245 -0.00114
   1.17795  0.15970 -0.02204 -0.84677  0.003009  0.001239  0.012391    2.4294    1.5930  0.00089 -0.00255 -0.00120
   1.18570  0.16744 -0.02199 -0.85102  0.003107  0.001276  0.011993    2.4349    1.5924  0.00092 -0.00264 -0.00125
   1.19345  0.17519 -0.02191 -0.85484  0.003205  0.001313  0.011615    2.4403    1.5917  0.00096 -0.00274 -0.00131
   1.20121  0.18295 -0.02179 -0.85826  0.003302  0.001350  0.011256    2.4457    1.5911  0.00099 -0.00283 -0.00136
   1.20898  0.19072 -0.02165 -0.86134  0.003398  0.001387  0.010918    2.4508    1.5905  0.00103 -0.00293 -0.00141
   1.21676  0.19850 -0.02149 -0.86414  0.003493  0.001422  0.010605    2.4555    1.5899  0.00106 -0.00302 -0.00146
   1.22454  0.20628 -0.02130 -0.86667  0.003587  0.001458  0.010309    2.4600    1.5894  0.00110 -0.00311 -0.00151
   1.23233  0.21407 -0.02109 -0.86896  0.003680  0.001493  0.010027    2.4645    1.5889  0.00113 -0.00320 -0.00156
   1.24013  0.22186 -0.02086 -0.87103  0.003773  0.001528  0.009758    2.4689    1.5884  0.00116 -0.00329 -0.00160
   1.24793  0.22966 -0.02061 -0.87290  0.003865  0.001563  0.009502    2.4733    1.5878  0.00119 -0.00337 -0.00165
   1.25574  0.23746 -0.02034 -0.87459  0.003957  0.001597  0.009256    2.4778    1.5873  0.00122 -0.00346 -0.00170
   1.26356  0.24527 -0.02005 -0.87612  0.004048  0.001631  0.009022    2.4820    1.5869  0.00125 -0.00355 -0.00174
   1.27138  0.25309 -0.01975 -0.87751  0.004138  0.001665  0.008804    2.4859    1.5864  0.00128 -0.00363 -0.00178
   1.27920  0.26090 -0.01944 -0.87877  0.004228  0.001698  0.008595    2.4898    1.5860  0.00131 -0.00371 -0.00183
   1.28703  0.26872 -0.01911 -0.87989  0.004317  0.001731  0.008391    2.4939    1.5855  0.00134 -0.00380 -0.00187
   1.29486  0.27655 -0.01877 -0.88090  0.004406  0.001764  0.008196    2.4979    1.5851  0.00137 -0.00388 -0.00191
   1.30271  0.28439 -0.01842 -0.88183  0.004494  0.001796  0.008014    2.5014    1.5847  0.00140 -0.00396 -0.00195
   1.31056  0.29223 -0.01807 -0.88272  0.004578  0.001828  0.007855    2.5038    1.5844  0.00142 -0.00404 -0.00199
   1.31840  0.30007 -0.01771 -0.88356  0.004659  0.001859  0.007710    2.5056    1.5843  0.00145 -0.00412 -0.00203
   1.32624  0.30790 -0.01733 -0.88433  0.004741  0.001890  0.007564    2.5080    1.5840  0.00148 -0.00419 -0.00207
   1.33409  0.31574 -0.01695 -0.88502  0.004824  0.001921  0.007420    2.5106    1.5837  0.00150 -0.00427 -0.00211
   1.34195  0.32358 -0.01657 -0.88565  0.004905  0.001952  0.007282    2.5131    1.5834  0.00153 -0.00434 -0.00215
   1.34980  0.33143 -0.01617 -0.88623  0.004986  0.001982  0.007148    2.5156    1.5832  0.00156 -0.00442 -0.00218
   1.35766  0.33927 -0.01578 -0.88675  0.005068  0.002012  0.007018    2.5183    1.5829  0.00158 -0.00449 -0.00222
   1.36552  0.34713 -0.01537 -0.88723  0.005148  0.002042  0.006894    2.5207    1.5826  0.00161 -0.00457 -0.00226
   1.37338  0.35498 -0.01497 -0.88767  0.005227  0.002072  0.006776    2.5230    1.5824  0.00163 -0.00464 -0.00229
   1.38124  0.36283 -0.01455 -0.88806  0.005306  0.002101  0.006660    2.5255    1.5821  0.00166 -0.00471 -0.00233
   1.38911  0.37068 -0.01414 -0.88841  0.005385  0.002130  0.006546    2.5281    1.5819  0.00168 -0.00478 -0.00236
   1.39698  0.37854 -0.01372 -0.88874  0.005462  0.002159  0.006442    2.5301    1.5816  0.00171 -0.00485 -0.00240
   1.40485  0.38640 -0.01330 -0.88904  0.005539  0.002187  0.006341    2.5321    1.5814  0.00173 -0.00492 -0.00243
   1.41272  0.39426 -0.01288 -0.88930  0.005616  0.002216  0.006240    2.5344    1.5812  0.00175 -0.00499 -0.00246
   1.42059  0.40212 -0.01246 -0.88953  0.005692  0.002244  0.006145    2.5364    1.5810  0.00178 -0.00506 -0.00250
   1.42847  0.40999 -0.01203 -0.88976  0.005766  0.002272  0.006056    2.5381    1.5808  0.00180 -0.00513 -0.00253
   1.43634  0.41785 -0.01161 -0.88996  0.005840  0.002299  0.005970    2.5399    1.5806  0.00182 -0.00520 -0.00256
   1.44422  0.42571 -0.01119 -0.89014  0.005913  0.002327  0.005886    2.5415    1.5805  0.00184 -0.00526 -0.00259
   1.45209  0.43357 -0.01077 -0.89032  0.005984  0.002353  0.005810    2.5427    1.5803  0.00187 -0.00533 -0.00262
   1.45996  0.44143 -0.01035 -0.89050  0.006054  0.002380  0.005738    2.5436    1.5802  0.00189 -0.00539 -0.00266
   1.46783  0.44929 -0.00993 -0.89065  0.006124  0.002406  0.005667    2.5448    1.5801  0.00191 -0.00545 -0.00269
   1.47570  0.45715 -0.00952 -0.89080  0.006192  0.002432  0.005599    2.5458    1.5800  0.00193 -0.00552 -0.00272
   1.48356  0.46501 -0.00911 -0.89095  0.006260  0.002458  0.005535    2.5465    1.5799  0.00195 -0.00558 -0.00275
   1.49143  0.47286 -0.00870 -0.89109  0.006326  0.002484  0.005474    2.5470    1.5799  0.00197 -0.00564 -0.00278
   1.49929  0.48071 -0.00829 -0.89124  0.006391  0.002509  0.005417    2.5475    1.5798  0.00199 -0.00570 -0.00281
   1.50715  0.48856 -0.00789 -0.89138  0.006454  0.002534  0.005364    2.5476    1.5798  0.00201 -0.00575 -0.00283
   1.51501  0.49641 -0.00750 -0.89154  0.006516  0.002558  0.005315    2.5475    1.5798  0.00203 -0.00581 -0.00286
   1.52287  0.50426 -0.00711 -0.89169  0.006578  0.002582  0.005267    2.5474    1.5799  0.00205 -0.00587 -0.00289
   1.53073  0.51211 -0.00672 -0.89185  0.006638  0.002606  0.005222    2.5471    1.5799  0.00207 -0.00592 -0.00292
   1.53858  0.51996 -0.00634 -0.89202  0.006695  0.002629  0.005181    2.5464    1.5800  0.00209 -0.00597 -0.00295
   1.54644  0.52780 -0.00596 -0.89219  0.006753  0.002652  0.005142    2.5458    1.5800  0.00211 -0.00602 -0.00298
   1.55429  0.53565 -0.00559 -0.89237  0.006809  0.002675  0.005104    2.5451    1.5801  0.00213 -0.00608 -0.00300
   1.56214  0.54349 -0.00523 -0.89256  0.006863  0.002698  0.005071    2.5440    1.5802  0.00215 -0.00613 -0.00303
   1.56999  0.55133 -0.00487 -0.89278  0.006915  0.002720  0.005042    2.5426    1.5803  0.00217 -0.00617 -0.00306
   1.57785  0.55918 -0.00452 -0.89300  0.006966  0.002741  0.005015    2.5410    1.5805  0.00219 -0.00622 -0.00309
   1.58569  0.56702 -0.00418 -0.89324  0.007015  0.002763  0.004990    2.5394    1.5807  0.00220 -0.00627 -0.00311
   1.59354  0.57486 -0.00384 -0.89350  0.007063  0.002783  0.004969    2.5374    1.5809  0.00222 -0.00631 -0.00314
   1.60139  0.58270 -0.00352 -0.89377  0.007109  0.002804  0.004949    2.5354    1.5811  0.00224 -0.00635 -0.00317
   1.60924  0.59054 -0.00320 -0.89405  0.007155  0.002824  0.004930    2.5334    1.5813  0.00226 -0.00640 -0.00319
   1.61708  0.59838 -0.00288 -0.89436  0.007198  0.002844  0.004914    2.5310    1.5815  0.00227 -0.00644 -0.00322
   1.62492  0.60621 -0.00258 -0.89469  0.007239  0.002863  0.004903    2.5283    1.5818  0.00229 -0.00648 -0.00324
   1.63277  0.61405 -0.00228 -0.89504  0.007279  0.002882  0.004893    2.5255    1.5821  0.00231 -0.00651 -0.00327
   1.64061  0.62189 -0.00200 -0.89541  0.007317  0.002901  0.004885    2.5226    1.5824  0.00233 -0.00655 -0.00330
   1.64845  0.62973 -0.00172 -0.89580  0.007354  0.002919  0.004879    2.5194    1.5828  0.00234 -0.00659 -0.00332
   1.65629  0.63756 -0.00145 -0.89622  0.007388  0.002936  0.004876    2.5161    1.5831  0.00236 -0.00662 -0.00335
   1.66413  0.64540 -0.00119 -0.89666  0.007421  0.002954  0.004875    2.5126    1.5835  0.00237 -0.00665 -0.00337
   1.67197  0.65323 -0.00094 -0.89714  0.007452  0.002970  0.004878    2.5088    1.5839  0.00239 -0.00669 -0.00340
   1.67981  0.66107 -0.00070 -0.89764  0.007481  0.002987  0.004883    2.5048    1.5843  0.00241 -0.00672 -0.00342
   1.68765  0.66891 -0.00047 -0.89816  0.007509  0.003003  0.004887    2.5009    1.5848  0.00242 -0.00674 -0.00345
   1.69549  0.67674 -0.00025 -0.89870  0.007536  0.003018  0.004893    2.4970    1.5852  0.00244 -0.00677 -0.00347
   1.70333  0.68457 -0.00003 -0.89928  0.007561  0.003033  0.004903    2.4927    1.5857  0.00245 -0.00680 -0.00350
   1.71116  0.69240  0.00017 -0.89989  0.007582  0.003048  0.004917    2.4880    1.5862  0.00247 -0.00682 -0.00352
   1.71900  0.70024  0.00036 -0.90055  0.007601  0.003061  0.004934    2.4830    1.5867  0.00248 -0.00685 -0.00355
   1.72684  0.70808  0.00054 -0.90123  0.007620  0.003075  0.004951    2.4781    1.5873  0.00250 -0.00687 -0.00357
   1.73467  0.71591  0.00071 -0.90193  0.007638  0.003088  0.004969    2.4733    1.5878  0.00251 -0.00689 -0.00360
   1.74250  0.72374  0.00087 -0.90268  0.007653  0.003101  0.004990    2.4682    1.5884  0.00253 -0.00691 -0.00362
   1.75033  0.73157  0.00102 -0.90347  0.007665  0.003112  0.005015    2.4627    1.5891  0.00254 -0.00692 -0.00365
   1.75817  0.73940  0.00115 -0.90431  0.007674  0.003124  0.005045    2.4567    1.5897  0.00255 -0.00694 -0.00367
   1.76601  0.74724  0.00128 -0.90519  0.007682  0.003134  0.005075    2.4509    1.5904  0.00257 -0.00695 -0.00370
   1.77385  0.75508  0.00140 -0.90607  0.007691  0.003145  0.005102    2.4456    1.5911  0.00258 -0.00697 -0.00372
   1.78167  0.76290  0.00150 -0.90700  0.007697  0.003155  0.005134    2.4398    1.5918  0.00260 -0.00698 -0.00375
   1.78950  0.77073  0.00160 -0.90801  0.007698  0.003164  0.005174    2.4331    1.5926  0.00261 -0.00699 -0.00377
   1.79734  0.77857  0.00168 -0.90907  0.007698  0.003172  0.005215    2.4265    1.5934  0.00262 -0.00700 -0.00380
   1.80518  0.78641  0.00175 -0.91015  0.007697  0.003180  0.005256    2.4201    1.5941  0.00263 -0.00701 -0.00382
   1.81301  0.79424  0.00181 -0.91127  0.007695  0.003188  0.005298    2.4137    1.5949  0.00265 -0.00701 -0.00385
   1.82083  0.80206  0.00186 -0.91244  0.007690  0.003195  0.005344    2.4070    1.5958  0.00266 -0.00702 -0.00387
   1.82866  0.80989  0.00190 -0.91370  0.007681  0.003201  0.005398    2.3997    1.5967  0.00267 -0.00702 -0.00390
   1.83649  0.81772  0.00193 -0.91502  0.007668  0.003206  0.005456    2.3921    1.5977  0.00268 -0.00702 -0.00392
   1.84433  0.82556  0.00194 -0.91639  0.007655  0.003210  0.005515    2.3844    1.5986  0.00270 -0.00701 -0.00395
   1.85216  0.83339  0.00194 -0.91782  0.007639  0.003214  0.005577    2.3767    1.5996  0.00271 -0.00701 -0.00398
   1.85999  0.84122  0.00194 -0.91932  0.007621  0.003217  0.005643    2.3688    1.6007  0.00272 -0.00701 -0.00400
   1.86782  0.84905  0.00192 -0.92089  0.007600  0.003220  0.005715    2.3606    1.6018  0.00273 -0.00700 -0.00403
   1.87565  0.85688  0.00189 -0.92255  0.007576  0.003221  0.005791    2.3521    1.6029  0.00274 -0.00699 -0.00405
   1.88348  0.86472  0.00184 -0.92428  0.007549  0.003221  0.005872    2.3434    1.6041  0.00275 -0.00698 -0.00408
   1.89132  0.87255  0.00179 -0.92609  0.007520  0.003221  0.005956    2.3346    1.6053  0.00276 -0.00696 -0.00411
   1.89915  0.88038  0.00172 -0.92799  0.007488  0.003220  0.006045    2.3256    1.6066  0.00277 -0.00695 -0.00413
   1.90698  0.88820  0.00165 -0.92999  0.007452  0.003218  0.006143    2.3161    1.6079  0.00278 -0.00693 -0.00416
   1.91480  0.89603  0.00156 -0.93212  0.007411  0.003214  0.006251    2.3059    1.6094  0.00279 -0.00691 -0.00419
   1.92263  0.90386  0.00146 -0.93440  0.007364  0.003208  0.006371    2.2951    1.6110  0.00280 -0.00688 -0.00422
   1.93047  0.91169  0.00134 -0.93681  0.007312  0.003202  0.006500    2.2839    1.6126  0.00281 -0.00685 -0.00425
   1.93831  0.91953  0.00122 -0.93936  0.007258  0.003194  0.006637    2.2724    1.6143  0.00282 -0.00682 -0.00427
   1.94615  0.92737  0.00109 -0.94203  0.007201  0.003185  0.006780    2.2609    1.6161  0.00283 -0.00678 -0.00430
   1.95398  0.93520  0.00095 -0.94486  0.007140  0.003175  0.006932    2.2491    1.6179  0.00283 -0.00675 -0.00433
   1.96180  0.94302  0.00079 -0.94791  0.007070  0.003162  0.007107    2.2360    1.6200  0.00284 -0.00670 -0.00436
   1.96962  0.95084  0.00062 -0.95128  0.006987  0.003146  0.007314    2.2212    1.6224  0.00285 -0.00665 -0.00439
   1.97746  0.95867  0.00044 -0.95494  0.006897  0.003127  0.007543    2.2055    1.6250  0.00285 -0.00659 -0.00443
   1.98529  0.96651  0.00026 -0.95891  0.006798  0.003106  0.007799    2.1887    1.6278  0.00286 -0.00652 -0.00446
   1.99303  0.97424  0.00006 -0.96326  0.006685  0.003080  0.008095    2.1703    1.6309  0.00286 -0.00644 -0.00449
   2.00058  0.98180 -0.00014 -0.96808  0.006557  0.003050  0.008442    2.1497    1.6346  0.00286 -0.00635 -0.00452
   2.00798  0.98919 -0.00035 -0.97357  0.006405  0.003013  0.008872    2.1256    1.6390  0.00286 -0.00624 -0.00456
   2.01446  0.99566 -0.00054 -0.97919  0.006246  0.002973  0.009341    2.1007    1.6436  0.00285 -0.00612 -0.00459
   2.01880  1.00000 -0.00067 -0.98436  0.006081  0.002932  0.009858    2.0743    1.6352  0.00284 -0.00599 -0.00457
   2.01880  1.00009 -0.00021  0.98436  0.038081  0.020772  0.000000    1.8333
   2.02314  1.00442 -0.00049  0.98007  0.038036  0.021121  0.000000    1.8009
   2.02794  1.00922 -0.00075  0.97998  0.037808  0.021128  0.000000    1.7895
   2.03325  1.01452 -0.00100  0.97990  0.037559  0.021135  0.000000    1.7771
   2.03913  1.02040 -0.00126  0.97983  0.037288  0.021141  0.000000    1.7638
   2.04564  1.02690 -0.00151  0.97976  0.036992  0.021146  0.000000    1.7493
   2.05284  1.03410 -0.00176  0.97971  0.036670  0.021150  0.000000    1.7338
   2.06081  1.04206 -0.00201  0.97968  0.036320  0.021153  0.000000    1.7170
   2.06963  1.05088 -0.00225  0.97967  0.035942  0.021153  0.000000    1.6991
   2.07938  1.06063 -0.00247  0.97970  0.035535  0.021151  0.000000    1.6800
   2.09018  1.07143 -0.00269  0.97976  0.035097  0.021147  0.000000    1.6597
   2.10213  1.08337 -0.00288  0.97986  0.034630  0.021139  0.000000    1.6382
   2.11535  1.09659 -0.00305  0.98001  0.034132  0.021127  0.000000    1.6156
   2.12998  1.11123 -0.00318  0.98021  0.033606  0.021111  0.000000    1.5919
   2.14617  1.12742 -0.00327  0.98048  0.033052  0.021091  0.000000    1.5671
   2.16409  1.14533 -0.00331  0.98081  0.032472  0.021065  0.000000    1.5415
   2.18392  1.16516 -0.00328  0.98121  0.031869  0.021035  0.000000    1.5150
   2.20586  1.18710 -0.00316  0.98169  0.031246  0.020999  0.000000    1.4880
   2.23014  1.21138 -0.00295  0.98223  0.030608  0.020959  0.000000    1.4604
   2.25700  1.23824 -0.00262  0.98285  0.029959  0.020913  0.000000    1.4326
   2.28674  1.26797 -0.00214  0.98354  0.029304  0.020863  0.000000    1.4046
   2.31964  1.30086 -0.00150  0.98429  0.028648  0.020809  0.000000    1.3767
   2.35604  1.33726 -0.00066  0.98510  0.027996  0.020752  0.000000    1.3491
   2.39633  1.37754  0.00042  0.98594  0.027354  0.020693  0.000000    1.3219
   2.44091  1.42210  0.00176  0.98682  0.026727  0.020632  0.000000    1.2954
   2.49025  1.47140  0.00343  0.98772  0.026119  0.020570  0.000000    1.2698
   2.54484  1.52596  0.00546  0.98862  0.025535  0.020509  0.000000    1.2450
   2.60526  1.58632  0.00792  0.98950  0.024978  0.020450  0.000000    1.2214
   2.67211  1.65311  0.01086  0.99037  0.024451  0.020393  0.000000    1.1990
   2.74609  1.72701  0.01437  0.99120  0.023956  0.020338  0.000000    1.1779
   2.82795  1.80877  0.01851  0.99198  0.023497  0.020287  0.000000    1.1582
   2.91854  1.89923  0.02338  0.99272  0.023074  0.020240  0.000000    1.1400
   3.01879  1.99931  0.02908  0.99521  0.022545  0.020082  0.000000    1.1227
